0320002475
0320012475
0320022475
0320032475
0320042475
0320052475
0320062475
0320072475
0320082475
0320092475
0320102475
0320112475
0320122475
0320132475
0320142475
0320152475
0320162475
0320172475
0320182475
0320192475
0320202475
0320212475
0320222475
0320232475
0320242475
0320252475
0320262475
0320272475
0320282475
0320292475
0320302475
0320312475
0320322475
0320332475
0320342475
0320352475
0320362475
0320372475
0320382475
0320392475
0320402475
0320412475
0320422475
0320432475
0320442475
0320452475
0320462475
0320472475
0320482475
0320492475
0320502475
0320512475
0320522475
0320532475
0320542475
0320552475
0320562475
0320572475
0320582475
0320592475
0320602475
0320612475
0320622475
0320632475
0320642475
0320652475
0320662475
0320672475
0320682475
0320692475
0320702475
0320712475
0320722475
0320732475
0320742475
0320752475
0320762475
0320772475
0320782475
0320792475
0320802475
0320812475
0320822475
0320832475
0320842475
0320852475
0320862475
0320872475
0320882475
0320892475
0320902475
0320912475
0320922475
0320932475
0320942475
0320952475
0320962475
0320972475
0320982475
0320992475
0321002475
0321012475
0321022475
0321032475
0321042475
0321052475
0321062475
0321072475
0321082475
0321092475
0321102475
0321112475
0321122475
0321132475
0321142475
0321152475
0321162475
0321172475
0321182475
0321192475
0321202475
0321212475
0321222475
0321232475
0321242475
0321252475
0321262475
0321272475
0321282475
0321292475
0321302475
0321312475
0321322475
0321332475
0321342475
0321352475
0321362475
0321372475
0321382475
0321392475
0321402475
0321412475
0321422475
0321432475
0321442475
0321452475
0321462475
0321472475
0321482475
0321492475
0321502475
0321512475
0321522475
0321532475
0321542475
0321552475
0321562475
0321572475
0321582475
0321592475
0321602475
0321612475
0321622475
0321632475
0321642475
0321652475
0321662475
0321672475
0321682475
0321692475
0321702475
0321712475
0321722475
0321732475
0321742475
0321752475
0321762475
0321772475
0321782475
0321792475
0321802475
0321812475
0321822475
0321832475
0321842475
0321852475
0321862475
0321872475
0321882475
0321892475
0321902475
0321912475
0321922475
0321932475
0321942475
0321952475
0321962475
0321972475
0321982475
0321992475
0322002475
0322012475
0322022475
0322032475
0322042475
0322052475
0322062475
0322072475
0322082475
0322092475
0322102475
0322112475
0322122475
0322132475
0322142475
0322152475
0322162475
0322172475
0322182475
0322192475
0322202475
0322212475
0322222475
0322232475
0322242475
0322252475
0322262475
0322272475
0322282475
0322292475
0322302475
0322312475
0322322475
0322332475
0322342475
0322352475
0322362475
0322372475
0322382475
0322392475
0322402475
0322412475
0322422475
0322432475
0322442475
0322452475
0322462475
0322472475
0322482475
0322492475
0322502475
0322512475
0322522475
0322532475
0322542475
0322552475
0322562475
0322572475
0322582475
0322592475
0322602475
0322612475
0322622475
0322632475
0322642475
0322652475
0322662475
0322672475
0322682475
0322692475
0322702475
0322712475
0322722475
0322732475
0322742475
0322752475
0322762475
0322772475
0322782475
0322792475
0322802475
0322812475
0322822475
0322832475
0322842475
0322852475
0322862475
0322872475
0322882475
0322892475
0322902475
0322912475
0322922475
0322932475
0322942475
0322952475
0322962475
0322972475
0322982475
0322992475
0323002475
0323012475
0323022475
0323032475
0323042475
0323052475
0323062475
0323072475
0323082475
0323092475
0323102475
0323112475
0323122475
0323132475
0323142475
0323152475
0323162475
0323172475
0323182475
0323192475
0323202475
0323212475
0323222475
0323232475
0323242475
0323252475
0323262475
0323272475
0323282475
0323292475
0323302475
0323312475
0323322475
0323332475
0323342475
0323352475
0323362475
0323372475
0323382475
0323392475
0323402475
0323412475
0323422475
0323432475
0323442475
0323452475
0323462475
0323472475
0323482475
0323492475
0323502475
0323512475
0323522475
0323532475
0323542475
0323552475
0323562475
0323572475
0323582475
0323592475
0323602475
0323612475
0323622475
0323632475
0323642475
0323652475
0323662475
0323672475
0323682475
0323692475
0323702475
0323712475
0323722475
0323732475
0323742475
0323752475
0323762475
0323772475
0323782475
0323792475
0323802475
0323812475
0323822475
0323832475
0323842475
0323852475
0323862475
0323872475
0323882475
0323892475
0323902475
0323912475
0323922475
0323932475
0323942475
0323952475
0323962475
0323972475
0323982475
0323992475
0324002475
0324012475
0324022475
0324032475
0324042475
0324052475
0324062475
0324072475
0324082475
0324092475
0324102475
0324112475
0324122475
0324132475
0324142475
0324152475
0324162475
0324172475
0324182475
0324192475
0324202475
0324212475
0324222475
0324232475
0324242475
0324252475
0324262475
0324272475
0324282475
0324292475
0324302475
0324312475
0324322475
0324332475
0324342475
0324352475
0324362475
0324372475
0324382475
0324392475
0324402475
0324412475
0324422475
0324432475
0324442475
0324452475
0324462475
0324472475
0324482475
0324492475
0324502475
0324512475
0324522475
0324532475
0324542475
0324552475
0324562475
0324572475
0324582475
0324592475
0324602475
0324612475
0324622475
0324632475
0324642475
0324652475
0324662475
0324672475
0324682475
0324692475
0324702475
0324712475
0324722475
0324732475
0324742475
0324752475
0324762475
0324772475
0324782475
0324792475
0324802475
0324812475
0324822475
0324832475
0324842475
0324852475
0324862475
0324872475
0324882475
0324892475
0324902475
0324912475
0324922475
0324932475
0324942475
0324952475
0324962475
0324972475
0324982475
0324992475
0325002475
0325012475
0325022475
0325032475
0325042475
0325052475
0325062475
0325072475
0325082475
0325092475
0325102475
0325112475
0325122475
0325132475
0325142475
0325152475
0325162475
0325172475
0325182475
0325192475
0325202475
0325212475
0325222475
0325232475
0325242475
0325252475
0325262475
0325272475
0325282475
0325292475
0325302475
0325312475
0325322475
0325332475
0325342475
0325352475
0325362475
0325372475
0325382475
0325392475
0325402475
0325412475
0325422475
0325432475
0325442475
0325452475
0325462475
0325472475
0325482475
0325492475
0325502475
0325512475
0325522475
0325532475
0325542475
0325552475
0325562475
0325572475
0325582475
0325592475
0325602475
0325612475
0325622475
0325632475
0325642475
0325652475
0325662475
0325672475
0325682475
0325692475
0325702475
0325712475
0325722475
0325732475
0325742475
0325752475
0325762475
0325772475
0325782475
0325792475
0325802475
0325812475
0325822475
0325832475
0325842475
0325852475
0325862475
0325872475
0325882475
0325892475
0325902475
0325912475
0325922475
0325932475
0325942475
0325952475
0325962475
0325972475
0325982475
0325992475
0326002475
0326012475
0326022475
0326032475
0326042475
0326052475
0326062475
0326072475
0326082475
0326092475
0326102475
0326112475
0326122475
0326132475
0326142475
0326152475
0326162475
0326172475
0326182475
0326192475
0326202475
0326212475
0326222475
0326232475
0326242475
0326252475
0326262475
0326272475
0326282475
0326292475
0326302475
0326312475
0326322475
0326332475
0326342475
0326352475
0326362475
0326372475
0326382475
0326392475
0326402475
0326412475
0326422475
0326432475
0326442475
0326452475
0326462475
0326472475
0326482475
0326492475
0326502475
0326512475
0326522475
0326532475
0326542475
0326552475
0326562475
0326572475
0326582475
0326592475
0326602475
0326612475
0326622475
0326632475
0326642475
0326652475
0326662475
0326672475
0326682475
0326692475
0326702475
0326712475
0326722475
0326732475
0326742475
0326752475
0326762475
0326772475
0326782475
0326792475
0326802475
0326812475
0326822475
0326832475
0326842475
0326852475
0326862475
0326872475
0326882475
0326892475
0326902475
0326912475
0326922475
0326932475
0326942475
0326952475
0326962475
0326972475
0326982475
0326992475
0327002475
0327012475
0327022475
0327032475
0327042475
0327052475
0327062475
0327072475
0327082475
0327092475
0327102475
0327112475
0327122475
0327132475
0327142475
0327152475
0327162475
0327172475
0327182475
0327192475
0327202475
0327212475
0327222475
0327232475
0327242475
0327252475
0327262475
0327272475
0327282475
0327292475
0327302475
0327312475
0327322475
0327332475
0327342475
0327352475
0327362475
0327372475
0327382475
0327392475
0327402475
0327412475
0327422475
0327432475
0327442475
0327452475
0327462475
0327472475
0327482475
0327492475
0327502475
0327512475
0327522475
0327532475
0327542475
0327552475
0327562475
0327572475
0327582475
0327592475
0327602475
0327612475
0327622475
0327632475
0327642475
0327652475
0327662475
0327672475
0327682475
0327692475
0327702475
0327712475
0327722475
0327732475
0327742475
0327752475
0327762475
0327772475
0327782475
0327792475
0327802475
0327812475
0327822475
0327832475
0327842475
0327852475
0327862475
0327872475
0327882475
0327892475
0327902475
0327912475
0327922475
0327932475
0327942475
0327952475
0327962475
0327972475
0327982475
0327992475
0328002475
0328012475
0328022475
0328032475
0328042475
0328052475
0328062475
0328072475
0328082475
0328092475
0328102475
0328112475
0328122475
0328132475
0328142475
0328152475
0328162475
0328172475
0328182475
0328192475
0328202475
0328212475
0328222475
0328232475
0328242475
0328252475
0328262475
0328272475
0328282475
0328292475
0328302475
0328312475
0328322475
0328332475
0328342475
0328352475
0328362475
0328372475
0328382475
0328392475
0328402475
0328412475
0328422475
0328432475
0328442475
0328452475
0328462475
0328472475
0328482475
0328492475
0328502475
0328512475
0328522475
0328532475
0328542475
0328552475
0328562475
0328572475
0328582475
0328592475
0328602475
0328612475
0328622475
0328632475
0328642475
0328652475
0328662475
0328672475
0328682475
0328692475
0328702475
0328712475
0328722475
0328732475
0328742475
0328752475
0328762475
0328772475
0328782475
0328792475
0328802475
0328812475
0328822475
0328832475
0328842475
0328852475
0328862475
0328872475
0328882475
0328892475
0328902475
0328912475
0328922475
0328932475
0328942475
0328952475
0328962475
0328972475
0328982475
0328992475
0329002475
0329012475
0329022475
0329032475
0329042475
0329052475
0329062475
0329072475
0329082475
0329092475
0329102475
0329112475
0329122475
0329132475
0329142475
0329152475
0329162475
0329172475
0329182475
0329192475
0329202475
0329212475
0329222475
0329232475
0329242475
0329252475
0329262475
0329272475
0329282475
0329292475
0329302475
0329312475
0329322475
0329332475
0329342475
0329352475
0329362475
0329372475
0329382475
0329392475
0329402475
0329412475
0329422475
0329432475
0329442475
0329452475
0329462475
0329472475
0329482475
0329492475
0329502475
0329512475
0329522475
0329532475
0329542475
0329552475
0329562475
0329572475
0329582475
0329592475
0329602475
0329612475
0329622475
0329632475
0329642475
0329652475
0329662475
0329672475
0329682475
0329692475
0329702475
0329712475
0329722475
0329732475
0329742475
0329752475
0329762475
0329772475
0329782475
0329792475
0329802475
0329812475
0329822475
0329832475
0329842475
0329852475
0329862475
0329872475
0329882475
0329892475
0329902475
0329912475
0329922475
0329932475
0329942475
0329952475
0329962475
0329972475
0329982475
0329992475
