0350002475
0350012475
0350022475
0350032475
0350042475
0350052475
0350062475
0350072475
0350082475
0350092475
0350102475
0350112475
0350122475
0350132475
0350142475
0350152475
0350162475
0350172475
0350182475
0350192475
0350202475
0350212475
0350222475
0350232475
0350242475
0350252475
0350262475
0350272475
0350282475
0350292475
0350302475
0350312475
0350322475
0350332475
0350342475
0350352475
0350362475
0350372475
0350382475
0350392475
0350402475
0350412475
0350422475
0350432475
0350442475
0350452475
0350462475
0350472475
0350482475
0350492475
0350502475
0350512475
0350522475
0350532475
0350542475
0350552475
0350562475
0350572475
0350582475
0350592475
0350602475
0350612475
0350622475
0350632475
0350642475
0350652475
0350662475
0350672475
0350682475
0350692475
0350702475
0350712475
0350722475
0350732475
0350742475
0350752475
0350762475
0350772475
0350782475
0350792475
0350802475
0350812475
0350822475
0350832475
0350842475
0350852475
0350862475
0350872475
0350882475
0350892475
0350902475
0350912475
0350922475
0350932475
0350942475
0350952475
0350962475
0350972475
0350982475
0350992475
0351002475
0351012475
0351022475
0351032475
0351042475
0351052475
0351062475
0351072475
0351082475
0351092475
0351102475
0351112475
0351122475
0351132475
0351142475
0351152475
0351162475
0351172475
0351182475
0351192475
0351202475
0351212475
0351222475
0351232475
0351242475
0351252475
0351262475
0351272475
0351282475
0351292475
0351302475
0351312475
0351322475
0351332475
0351342475
0351352475
0351362475
0351372475
0351382475
0351392475
0351402475
0351412475
0351422475
0351432475
0351442475
0351452475
0351462475
0351472475
0351482475
0351492475
0351502475
0351512475
0351522475
0351532475
0351542475
0351552475
0351562475
0351572475
0351582475
0351592475
0351602475
0351612475
0351622475
0351632475
0351642475
0351652475
0351662475
0351672475
0351682475
0351692475
0351702475
0351712475
0351722475
0351732475
0351742475
0351752475
0351762475
0351772475
0351782475
0351792475
0351802475
0351812475
0351822475
0351832475
0351842475
0351852475
0351862475
0351872475
0351882475
0351892475
0351902475
0351912475
0351922475
0351932475
0351942475
0351952475
0351962475
0351972475
0351982475
0351992475
0352002475
0352012475
0352022475
0352032475
0352042475
0352052475
0352062475
0352072475
0352082475
0352092475
0352102475
0352112475
0352122475
0352132475
0352142475
0352152475
0352162475
0352172475
0352182475
0352192475
0352202475
0352212475
0352222475
0352232475
0352242475
0352252475
0352262475
0352272475
0352282475
0352292475
0352302475
0352312475
0352322475
0352332475
0352342475
0352352475
0352362475
0352372475
0352382475
0352392475
0352402475
0352412475
0352422475
0352432475
0352442475
0352452475
0352462475
0352472475
0352482475
0352492475
0352502475
0352512475
0352522475
0352532475
0352542475
0352552475
0352562475
0352572475
0352582475
0352592475
0352602475
0352612475
0352622475
0352632475
0352642475
0352652475
0352662475
0352672475
0352682475
0352692475
0352702475
0352712475
0352722475
0352732475
0352742475
0352752475
0352762475
0352772475
0352782475
0352792475
0352802475
0352812475
0352822475
0352832475
0352842475
0352852475
0352862475
0352872475
0352882475
0352892475
0352902475
0352912475
0352922475
0352932475
0352942475
0352952475
0352962475
0352972475
0352982475
0352992475
0353002475
0353012475
0353022475
0353032475
0353042475
0353052475
0353062475
0353072475
0353082475
0353092475
0353102475
0353112475
0353122475
0353132475
0353142475
0353152475
0353162475
0353172475
0353182475
0353192475
0353202475
0353212475
0353222475
0353232475
0353242475
0353252475
0353262475
0353272475
0353282475
0353292475
0353302475
0353312475
0353322475
0353332475
0353342475
0353352475
0353362475
0353372475
0353382475
0353392475
0353402475
0353412475
0353422475
0353432475
0353442475
0353452475
0353462475
0353472475
0353482475
0353492475
0353502475
0353512475
0353522475
0353532475
0353542475
0353552475
0353562475
0353572475
0353582475
0353592475
0353602475
0353612475
0353622475
0353632475
0353642475
0353652475
0353662475
0353672475
0353682475
0353692475
0353702475
0353712475
0353722475
0353732475
0353742475
0353752475
0353762475
0353772475
0353782475
0353792475
0353802475
0353812475
0353822475
0353832475
0353842475
0353852475
0353862475
0353872475
0353882475
0353892475
0353902475
0353912475
0353922475
0353932475
0353942475
0353952475
0353962475
0353972475
0353982475
0353992475
0354002475
0354012475
0354022475
0354032475
0354042475
0354052475
0354062475
0354072475
0354082475
0354092475
0354102475
0354112475
0354122475
0354132475
0354142475
0354152475
0354162475
0354172475
0354182475
0354192475
0354202475
0354212475
0354222475
0354232475
0354242475
0354252475
0354262475
0354272475
0354282475
0354292475
0354302475
0354312475
0354322475
0354332475
0354342475
0354352475
0354362475
0354372475
0354382475
0354392475
0354402475
0354412475
0354422475
0354432475
0354442475
0354452475
0354462475
0354472475
0354482475
0354492475
0354502475
0354512475
0354522475
0354532475
0354542475
0354552475
0354562475
0354572475
0354582475
0354592475
0354602475
0354612475
0354622475
0354632475
0354642475
0354652475
0354662475
0354672475
0354682475
0354692475
0354702475
0354712475
0354722475
0354732475
0354742475
0354752475
0354762475
0354772475
0354782475
0354792475
0354802475
0354812475
0354822475
0354832475
0354842475
0354852475
0354862475
0354872475
0354882475
0354892475
0354902475
0354912475
0354922475
0354932475
0354942475
0354952475
0354962475
0354972475
0354982475
0354992475
0355002475
0355012475
0355022475
0355032475
0355042475
0355052475
0355062475
0355072475
0355082475
0355092475
0355102475
0355112475
0355122475
0355132475
0355142475
0355152475
0355162475
0355172475
0355182475
0355192475
0355202475
0355212475
0355222475
0355232475
0355242475
0355252475
0355262475
0355272475
0355282475
0355292475
0355302475
0355312475
0355322475
0355332475
0355342475
0355352475
0355362475
0355372475
0355382475
0355392475
0355402475
0355412475
0355422475
0355432475
0355442475
0355452475
0355462475
0355472475
0355482475
0355492475
0355502475
0355512475
0355522475
0355532475
0355542475
0355552475
0355562475
0355572475
0355582475
0355592475
0355602475
0355612475
0355622475
0355632475
0355642475
0355652475
0355662475
0355672475
0355682475
0355692475
0355702475
0355712475
0355722475
0355732475
0355742475
0355752475
0355762475
0355772475
0355782475
0355792475
0355802475
0355812475
0355822475
0355832475
0355842475
0355852475
0355862475
0355872475
0355882475
0355892475
0355902475
0355912475
0355922475
0355932475
0355942475
0355952475
0355962475
0355972475
0355982475
0355992475
0356002475
0356012475
0356022475
0356032475
0356042475
0356052475
0356062475
0356072475
0356082475
0356092475
0356102475
0356112475
0356122475
0356132475
0356142475
0356152475
0356162475
0356172475
0356182475
0356192475
0356202475
0356212475
0356222475
0356232475
0356242475
0356252475
0356262475
0356272475
0356282475
0356292475
0356302475
0356312475
0356322475
0356332475
0356342475
0356352475
0356362475
0356372475
0356382475
0356392475
0356402475
0356412475
0356422475
0356432475
0356442475
0356452475
0356462475
0356472475
0356482475
0356492475
0356502475
0356512475
0356522475
0356532475
0356542475
0356552475
0356562475
0356572475
0356582475
0356592475
0356602475
0356612475
0356622475
0356632475
0356642475
0356652475
0356662475
0356672475
0356682475
0356692475
0356702475
0356712475
0356722475
0356732475
0356742475
0356752475
0356762475
0356772475
0356782475
0356792475
0356802475
0356812475
0356822475
0356832475
0356842475
0356852475
0356862475
0356872475
0356882475
0356892475
0356902475
0356912475
0356922475
0356932475
0356942475
0356952475
0356962475
0356972475
0356982475
0356992475
0357002475
0357012475
0357022475
0357032475
0357042475
0357052475
0357062475
0357072475
0357082475
0357092475
0357102475
0357112475
0357122475
0357132475
0357142475
0357152475
0357162475
0357172475
0357182475
0357192475
0357202475
0357212475
0357222475
0357232475
0357242475
0357252475
0357262475
0357272475
0357282475
0357292475
0357302475
0357312475
0357322475
0357332475
0357342475
0357352475
0357362475
0357372475
0357382475
0357392475
0357402475
0357412475
0357422475
0357432475
0357442475
0357452475
0357462475
0357472475
0357482475
0357492475
0357502475
0357512475
0357522475
0357532475
0357542475
0357552475
0357562475
0357572475
0357582475
0357592475
0357602475
0357612475
0357622475
0357632475
0357642475
0357652475
0357662475
0357672475
0357682475
0357692475
0357702475
0357712475
0357722475
0357732475
0357742475
0357752475
0357762475
0357772475
0357782475
0357792475
0357802475
0357812475
0357822475
0357832475
0357842475
0357852475
0357862475
0357872475
0357882475
0357892475
0357902475
0357912475
0357922475
0357932475
0357942475
0357952475
0357962475
0357972475
0357982475
0357992475
0358002475
0358012475
0358022475
0358032475
0358042475
0358052475
0358062475
0358072475
0358082475
0358092475
0358102475
0358112475
0358122475
0358132475
0358142475
0358152475
0358162475
0358172475
0358182475
0358192475
0358202475
0358212475
0358222475
0358232475
0358242475
0358252475
0358262475
0358272475
0358282475
0358292475
0358302475
0358312475
0358322475
0358332475
0358342475
0358352475
0358362475
0358372475
0358382475
0358392475
0358402475
0358412475
0358422475
0358432475
0358442475
0358452475
0358462475
0358472475
0358482475
0358492475
0358502475
0358512475
0358522475
0358532475
0358542475
0358552475
0358562475
0358572475
0358582475
0358592475
0358602475
0358612475
0358622475
0358632475
0358642475
0358652475
0358662475
0358672475
0358682475
0358692475
0358702475
0358712475
0358722475
0358732475
0358742475
0358752475
0358762475
0358772475
0358782475
0358792475
0358802475
0358812475
0358822475
0358832475
0358842475
0358852475
0358862475
0358872475
0358882475
0358892475
0358902475
0358912475
0358922475
0358932475
0358942475
0358952475
0358962475
0358972475
0358982475
0358992475
0359002475
0359012475
0359022475
0359032475
0359042475
0359052475
0359062475
0359072475
0359082475
0359092475
0359102475
0359112475
0359122475
0359132475
0359142475
0359152475
0359162475
0359172475
0359182475
0359192475
0359202475
0359212475
0359222475
0359232475
0359242475
0359252475
0359262475
0359272475
0359282475
0359292475
0359302475
0359312475
0359322475
0359332475
0359342475
0359352475
0359362475
0359372475
0359382475
0359392475
0359402475
0359412475
0359422475
0359432475
0359442475
0359452475
0359462475
0359472475
0359482475
0359492475
0359502475
0359512475
0359522475
0359532475
0359542475
0359552475
0359562475
0359572475
0359582475
0359592475
0359602475
0359612475
0359622475
0359632475
0359642475
0359652475
0359662475
0359672475
0359682475
0359692475
0359702475
0359712475
0359722475
0359732475
0359742475
0359752475
0359762475
0359772475
0359782475
0359792475
0359802475
0359812475
0359822475
0359832475
0359842475
0359852475
0359862475
0359872475
0359882475
0359892475
0359902475
0359912475
0359922475
0359932475
0359942475
0359952475
0359962475
0359972475
0359982475
0359992475
