0380002475
0380012475
0380022475
0380032475
0380042475
0380052475
0380062475
0380072475
0380082475
0380092475
0380102475
0380112475
0380122475
0380132475
0380142475
0380152475
0380162475
0380172475
0380182475
0380192475
0380202475
0380212475
0380222475
0380232475
0380242475
0380252475
0380262475
0380272475
0380282475
0380292475
0380302475
0380312475
0380322475
0380332475
0380342475
0380352475
0380362475
0380372475
0380382475
0380392475
0380402475
0380412475
0380422475
0380432475
0380442475
0380452475
0380462475
0380472475
0380482475
0380492475
0380502475
0380512475
0380522475
0380532475
0380542475
0380552475
0380562475
0380572475
0380582475
0380592475
0380602475
0380612475
0380622475
0380632475
0380642475
0380652475
0380662475
0380672475
0380682475
0380692475
0380702475
0380712475
0380722475
0380732475
0380742475
0380752475
0380762475
0380772475
0380782475
0380792475
0380802475
0380812475
0380822475
0380832475
0380842475
0380852475
0380862475
0380872475
0380882475
0380892475
0380902475
0380912475
0380922475
0380932475
0380942475
0380952475
0380962475
0380972475
0380982475
0380992475
0381002475
0381012475
0381022475
0381032475
0381042475
0381052475
0381062475
0381072475
0381082475
0381092475
0381102475
0381112475
0381122475
0381132475
0381142475
0381152475
0381162475
0381172475
0381182475
0381192475
0381202475
0381212475
0381222475
0381232475
0381242475
0381252475
0381262475
0381272475
0381282475
0381292475
0381302475
0381312475
0381322475
0381332475
0381342475
0381352475
0381362475
0381372475
0381382475
0381392475
0381402475
0381412475
0381422475
0381432475
0381442475
0381452475
0381462475
0381472475
0381482475
0381492475
0381502475
0381512475
0381522475
0381532475
0381542475
0381552475
0381562475
0381572475
0381582475
0381592475
0381602475
0381612475
0381622475
0381632475
0381642475
0381652475
0381662475
0381672475
0381682475
0381692475
0381702475
0381712475
0381722475
0381732475
0381742475
0381752475
0381762475
0381772475
0381782475
0381792475
0381802475
0381812475
0381822475
0381832475
0381842475
0381852475
0381862475
0381872475
0381882475
0381892475
0381902475
0381912475
0381922475
0381932475
0381942475
0381952475
0381962475
0381972475
0381982475
0381992475
0382002475
0382012475
0382022475
0382032475
0382042475
0382052475
0382062475
0382072475
0382082475
0382092475
0382102475
0382112475
0382122475
0382132475
0382142475
0382152475
0382162475
0382172475
0382182475
0382192475
0382202475
0382212475
0382222475
0382232475
0382242475
0382252475
0382262475
0382272475
0382282475
0382292475
0382302475
0382312475
0382322475
0382332475
0382342475
0382352475
0382362475
0382372475
0382382475
0382392475
0382402475
0382412475
0382422475
0382432475
0382442475
0382452475
0382462475
0382472475
0382482475
0382492475
0382502475
0382512475
0382522475
0382532475
0382542475
0382552475
0382562475
0382572475
0382582475
0382592475
0382602475
0382612475
0382622475
0382632475
0382642475
0382652475
0382662475
0382672475
0382682475
0382692475
0382702475
0382712475
0382722475
0382732475
0382742475
0382752475
0382762475
0382772475
0382782475
0382792475
0382802475
0382812475
0382822475
0382832475
0382842475
0382852475
0382862475
0382872475
0382882475
0382892475
0382902475
0382912475
0382922475
0382932475
0382942475
0382952475
0382962475
0382972475
0382982475
0382992475
0383002475
0383012475
0383022475
0383032475
0383042475
0383052475
0383062475
0383072475
0383082475
0383092475
0383102475
0383112475
0383122475
0383132475
0383142475
0383152475
0383162475
0383172475
0383182475
0383192475
0383202475
0383212475
0383222475
0383232475
0383242475
0383252475
0383262475
0383272475
0383282475
0383292475
0383302475
0383312475
0383322475
0383332475
0383342475
0383352475
0383362475
0383372475
0383382475
0383392475
0383402475
0383412475
0383422475
0383432475
0383442475
0383452475
0383462475
0383472475
0383482475
0383492475
0383502475
0383512475
0383522475
0383532475
0383542475
0383552475
0383562475
0383572475
0383582475
0383592475
0383602475
0383612475
0383622475
0383632475
0383642475
0383652475
0383662475
0383672475
0383682475
0383692475
0383702475
0383712475
0383722475
0383732475
0383742475
0383752475
0383762475
0383772475
0383782475
0383792475
0383802475
0383812475
0383822475
0383832475
0383842475
0383852475
0383862475
0383872475
0383882475
0383892475
0383902475
0383912475
0383922475
0383932475
0383942475
0383952475
0383962475
0383972475
0383982475
0383992475
0384002475
0384012475
0384022475
0384032475
0384042475
0384052475
0384062475
0384072475
0384082475
0384092475
0384102475
0384112475
0384122475
0384132475
0384142475
0384152475
0384162475
0384172475
0384182475
0384192475
0384202475
0384212475
0384222475
0384232475
0384242475
0384252475
0384262475
0384272475
0384282475
0384292475
0384302475
0384312475
0384322475
0384332475
0384342475
0384352475
0384362475
0384372475
0384382475
0384392475
0384402475
0384412475
0384422475
0384432475
0384442475
0384452475
0384462475
0384472475
0384482475
0384492475
0384502475
0384512475
0384522475
0384532475
0384542475
0384552475
0384562475
0384572475
0384582475
0384592475
0384602475
0384612475
0384622475
0384632475
0384642475
0384652475
0384662475
0384672475
0384682475
0384692475
0384702475
0384712475
0384722475
0384732475
0384742475
0384752475
0384762475
0384772475
0384782475
0384792475
0384802475
0384812475
0384822475
0384832475
0384842475
0384852475
0384862475
0384872475
0384882475
0384892475
0384902475
0384912475
0384922475
0384932475
0384942475
0384952475
0384962475
0384972475
0384982475
0384992475
0385002475
0385012475
0385022475
0385032475
0385042475
0385052475
0385062475
0385072475
0385082475
0385092475
0385102475
0385112475
0385122475
0385132475
0385142475
0385152475
0385162475
0385172475
0385182475
0385192475
0385202475
0385212475
0385222475
0385232475
0385242475
0385252475
0385262475
0385272475
0385282475
0385292475
0385302475
0385312475
0385322475
0385332475
0385342475
0385352475
0385362475
0385372475
0385382475
0385392475
0385402475
0385412475
0385422475
0385432475
0385442475
0385452475
0385462475
0385472475
0385482475
0385492475
0385502475
0385512475
0385522475
0385532475
0385542475
0385552475
0385562475
0385572475
0385582475
0385592475
0385602475
0385612475
0385622475
0385632475
0385642475
0385652475
0385662475
0385672475
0385682475
0385692475
0385702475
0385712475
0385722475
0385732475
0385742475
0385752475
0385762475
0385772475
0385782475
0385792475
0385802475
0385812475
0385822475
0385832475
0385842475
0385852475
0385862475
0385872475
0385882475
0385892475
0385902475
0385912475
0385922475
0385932475
0385942475
0385952475
0385962475
0385972475
0385982475
0385992475
0386002475
0386012475
0386022475
0386032475
0386042475
0386052475
0386062475
0386072475
0386082475
0386092475
0386102475
0386112475
0386122475
0386132475
0386142475
0386152475
0386162475
0386172475
0386182475
0386192475
0386202475
0386212475
0386222475
0386232475
0386242475
0386252475
0386262475
0386272475
0386282475
0386292475
0386302475
0386312475
0386322475
0386332475
0386342475
0386352475
0386362475
0386372475
0386382475
0386392475
0386402475
0386412475
0386422475
0386432475
0386442475
0386452475
0386462475
0386472475
0386482475
0386492475
0386502475
0386512475
0386522475
0386532475
0386542475
0386552475
0386562475
0386572475
0386582475
0386592475
0386602475
0386612475
0386622475
0386632475
0386642475
0386652475
0386662475
0386672475
0386682475
0386692475
0386702475
0386712475
0386722475
0386732475
0386742475
0386752475
0386762475
0386772475
0386782475
0386792475
0386802475
0386812475
0386822475
0386832475
0386842475
0386852475
0386862475
0386872475
0386882475
0386892475
0386902475
0386912475
0386922475
0386932475
0386942475
0386952475
0386962475
0386972475
0386982475
0386992475
0387002475
0387012475
0387022475
0387032475
0387042475
0387052475
0387062475
0387072475
0387082475
0387092475
0387102475
0387112475
0387122475
0387132475
0387142475
0387152475
0387162475
0387172475
0387182475
0387192475
0387202475
0387212475
0387222475
0387232475
0387242475
0387252475
0387262475
0387272475
0387282475
0387292475
0387302475
0387312475
0387322475
0387332475
0387342475
0387352475
0387362475
0387372475
0387382475
0387392475
0387402475
0387412475
0387422475
0387432475
0387442475
0387452475
0387462475
0387472475
0387482475
0387492475
0387502475
0387512475
0387522475
0387532475
0387542475
0387552475
0387562475
0387572475
0387582475
0387592475
0387602475
0387612475
0387622475
0387632475
0387642475
0387652475
0387662475
0387672475
0387682475
0387692475
0387702475
0387712475
0387722475
0387732475
0387742475
0387752475
0387762475
0387772475
0387782475
0387792475
0387802475
0387812475
0387822475
0387832475
0387842475
0387852475
0387862475
0387872475
0387882475
0387892475
0387902475
0387912475
0387922475
0387932475
0387942475
0387952475
0387962475
0387972475
0387982475
0387992475
0388002475
0388012475
0388022475
0388032475
0388042475
0388052475
0388062475
0388072475
0388082475
0388092475
0388102475
0388112475
0388122475
0388132475
0388142475
0388152475
0388162475
0388172475
0388182475
0388192475
0388202475
0388212475
0388222475
0388232475
0388242475
0388252475
0388262475
0388272475
0388282475
0388292475
0388302475
0388312475
0388322475
0388332475
0388342475
0388352475
0388362475
0388372475
0388382475
0388392475
0388402475
0388412475
0388422475
0388432475
0388442475
0388452475
0388462475
0388472475
0388482475
0388492475
0388502475
0388512475
0388522475
0388532475
0388542475
0388552475
0388562475
0388572475
0388582475
0388592475
0388602475
0388612475
0388622475
0388632475
0388642475
0388652475
0388662475
0388672475
0388682475
0388692475
0388702475
0388712475
0388722475
0388732475
0388742475
0388752475
0388762475
0388772475
0388782475
0388792475
0388802475
0388812475
0388822475
0388832475
0388842475
0388852475
0388862475
0388872475
0388882475
0388892475
0388902475
0388912475
0388922475
0388932475
0388942475
0388952475
0388962475
0388972475
0388982475
0388992475
0389002475
0389012475
0389022475
0389032475
0389042475
0389052475
0389062475
0389072475
0389082475
0389092475
0389102475
0389112475
0389122475
0389132475
0389142475
0389152475
0389162475
0389172475
0389182475
0389192475
0389202475
0389212475
0389222475
0389232475
0389242475
0389252475
0389262475
0389272475
0389282475
0389292475
0389302475
0389312475
0389322475
0389332475
0389342475
0389352475
0389362475
0389372475
0389382475
0389392475
0389402475
0389412475
0389422475
0389432475
0389442475
0389452475
0389462475
0389472475
0389482475
0389492475
0389502475
0389512475
0389522475
0389532475
0389542475
0389552475
0389562475
0389572475
0389582475
0389592475
0389602475
0389612475
0389622475
0389632475
0389642475
0389652475
0389662475
0389672475
0389682475
0389692475
0389702475
0389712475
0389722475
0389732475
0389742475
0389752475
0389762475
0389772475
0389782475
0389792475
0389802475
0389812475
0389822475
0389832475
0389842475
0389852475
0389862475
0389872475
0389882475
0389892475
0389902475
0389912475
0389922475
0389932475
0389942475
0389952475
0389962475
0389972475
0389982475
0389992475
