0370002475
0370012475
0370022475
0370032475
0370042475
0370052475
0370062475
0370072475
0370082475
0370092475
0370102475
0370112475
0370122475
0370132475
0370142475
0370152475
0370162475
0370172475
0370182475
0370192475
0370202475
0370212475
0370222475
0370232475
0370242475
0370252475
0370262475
0370272475
0370282475
0370292475
0370302475
0370312475
0370322475
0370332475
0370342475
0370352475
0370362475
0370372475
0370382475
0370392475
0370402475
0370412475
0370422475
0370432475
0370442475
0370452475
0370462475
0370472475
0370482475
0370492475
0370502475
0370512475
0370522475
0370532475
0370542475
0370552475
0370562475
0370572475
0370582475
0370592475
0370602475
0370612475
0370622475
0370632475
0370642475
0370652475
0370662475
0370672475
0370682475
0370692475
0370702475
0370712475
0370722475
0370732475
0370742475
0370752475
0370762475
0370772475
0370782475
0370792475
0370802475
0370812475
0370822475
0370832475
0370842475
0370852475
0370862475
0370872475
0370882475
0370892475
0370902475
0370912475
0370922475
0370932475
0370942475
0370952475
0370962475
0370972475
0370982475
0370992475
0371002475
0371012475
0371022475
0371032475
0371042475
0371052475
0371062475
0371072475
0371082475
0371092475
0371102475
0371112475
0371122475
0371132475
0371142475
0371152475
0371162475
0371172475
0371182475
0371192475
0371202475
0371212475
0371222475
0371232475
0371242475
0371252475
0371262475
0371272475
0371282475
0371292475
0371302475
0371312475
0371322475
0371332475
0371342475
0371352475
0371362475
0371372475
0371382475
0371392475
0371402475
0371412475
0371422475
0371432475
0371442475
0371452475
0371462475
0371472475
0371482475
0371492475
0371502475
0371512475
0371522475
0371532475
0371542475
0371552475
0371562475
0371572475
0371582475
0371592475
0371602475
0371612475
0371622475
0371632475
0371642475
0371652475
0371662475
0371672475
0371682475
0371692475
0371702475
0371712475
0371722475
0371732475
0371742475
0371752475
0371762475
0371772475
0371782475
0371792475
0371802475
0371812475
0371822475
0371832475
0371842475
0371852475
0371862475
0371872475
0371882475
0371892475
0371902475
0371912475
0371922475
0371932475
0371942475
0371952475
0371962475
0371972475
0371982475
0371992475
0372002475
0372012475
0372022475
0372032475
0372042475
0372052475
0372062475
0372072475
0372082475
0372092475
0372102475
0372112475
0372122475
0372132475
0372142475
0372152475
0372162475
0372172475
0372182475
0372192475
0372202475
0372212475
0372222475
0372232475
0372242475
0372252475
0372262475
0372272475
0372282475
0372292475
0372302475
0372312475
0372322475
0372332475
0372342475
0372352475
0372362475
0372372475
0372382475
0372392475
0372402475
0372412475
0372422475
0372432475
0372442475
0372452475
0372462475
0372472475
0372482475
0372492475
0372502475
0372512475
0372522475
0372532475
0372542475
0372552475
0372562475
0372572475
0372582475
0372592475
0372602475
0372612475
0372622475
0372632475
0372642475
0372652475
0372662475
0372672475
0372682475
0372692475
0372702475
0372712475
0372722475
0372732475
0372742475
0372752475
0372762475
0372772475
0372782475
0372792475
0372802475
0372812475
0372822475
0372832475
0372842475
0372852475
0372862475
0372872475
0372882475
0372892475
0372902475
0372912475
0372922475
0372932475
0372942475
0372952475
0372962475
0372972475
0372982475
0372992475
0373002475
0373012475
0373022475
0373032475
0373042475
0373052475
0373062475
0373072475
0373082475
0373092475
0373102475
0373112475
0373122475
0373132475
0373142475
0373152475
0373162475
0373172475
0373182475
0373192475
0373202475
0373212475
0373222475
0373232475
0373242475
0373252475
0373262475
0373272475
0373282475
0373292475
0373302475
0373312475
0373322475
0373332475
0373342475
0373352475
0373362475
0373372475
0373382475
0373392475
0373402475
0373412475
0373422475
0373432475
0373442475
0373452475
0373462475
0373472475
0373482475
0373492475
0373502475
0373512475
0373522475
0373532475
0373542475
0373552475
0373562475
0373572475
0373582475
0373592475
0373602475
0373612475
0373622475
0373632475
0373642475
0373652475
0373662475
0373672475
0373682475
0373692475
0373702475
0373712475
0373722475
0373732475
0373742475
0373752475
0373762475
0373772475
0373782475
0373792475
0373802475
0373812475
0373822475
0373832475
0373842475
0373852475
0373862475
0373872475
0373882475
0373892475
0373902475
0373912475
0373922475
0373932475
0373942475
0373952475
0373962475
0373972475
0373982475
0373992475
0374002475
0374012475
0374022475
0374032475
0374042475
0374052475
0374062475
0374072475
0374082475
0374092475
0374102475
0374112475
0374122475
0374132475
0374142475
0374152475
0374162475
0374172475
0374182475
0374192475
0374202475
0374212475
0374222475
0374232475
0374242475
0374252475
0374262475
0374272475
0374282475
0374292475
0374302475
0374312475
0374322475
0374332475
0374342475
0374352475
0374362475
0374372475
0374382475
0374392475
0374402475
0374412475
0374422475
0374432475
0374442475
0374452475
0374462475
0374472475
0374482475
0374492475
0374502475
0374512475
0374522475
0374532475
0374542475
0374552475
0374562475
0374572475
0374582475
0374592475
0374602475
0374612475
0374622475
0374632475
0374642475
0374652475
0374662475
0374672475
0374682475
0374692475
0374702475
0374712475
0374722475
0374732475
0374742475
0374752475
0374762475
0374772475
0374782475
0374792475
0374802475
0374812475
0374822475
0374832475
0374842475
0374852475
0374862475
0374872475
0374882475
0374892475
0374902475
0374912475
0374922475
0374932475
0374942475
0374952475
0374962475
0374972475
0374982475
0374992475
0375002475
0375012475
0375022475
0375032475
0375042475
0375052475
0375062475
0375072475
0375082475
0375092475
0375102475
0375112475
0375122475
0375132475
0375142475
0375152475
0375162475
0375172475
0375182475
0375192475
0375202475
0375212475
0375222475
0375232475
0375242475
0375252475
0375262475
0375272475
0375282475
0375292475
0375302475
0375312475
0375322475
0375332475
0375342475
0375352475
0375362475
0375372475
0375382475
0375392475
0375402475
0375412475
0375422475
0375432475
0375442475
0375452475
0375462475
0375472475
0375482475
0375492475
0375502475
0375512475
0375522475
0375532475
0375542475
0375552475
0375562475
0375572475
0375582475
0375592475
0375602475
0375612475
0375622475
0375632475
0375642475
0375652475
0375662475
0375672475
0375682475
0375692475
0375702475
0375712475
0375722475
0375732475
0375742475
0375752475
0375762475
0375772475
0375782475
0375792475
0375802475
0375812475
0375822475
0375832475
0375842475
0375852475
0375862475
0375872475
0375882475
0375892475
0375902475
0375912475
0375922475
0375932475
0375942475
0375952475
0375962475
0375972475
0375982475
0375992475
0376002475
0376012475
0376022475
0376032475
0376042475
0376052475
0376062475
0376072475
0376082475
0376092475
0376102475
0376112475
0376122475
0376132475
0376142475
0376152475
0376162475
0376172475
0376182475
0376192475
0376202475
0376212475
0376222475
0376232475
0376242475
0376252475
0376262475
0376272475
0376282475
0376292475
0376302475
0376312475
0376322475
0376332475
0376342475
0376352475
0376362475
0376372475
0376382475
0376392475
0376402475
0376412475
0376422475
0376432475
0376442475
0376452475
0376462475
0376472475
0376482475
0376492475
0376502475
0376512475
0376522475
0376532475
0376542475
0376552475
0376562475
0376572475
0376582475
0376592475
0376602475
0376612475
0376622475
0376632475
0376642475
0376652475
0376662475
0376672475
0376682475
0376692475
0376702475
0376712475
0376722475
0376732475
0376742475
0376752475
0376762475
0376772475
0376782475
0376792475
0376802475
0376812475
0376822475
0376832475
0376842475
0376852475
0376862475
0376872475
0376882475
0376892475
0376902475
0376912475
0376922475
0376932475
0376942475
0376952475
0376962475
0376972475
0376982475
0376992475
0377002475
0377012475
0377022475
0377032475
0377042475
0377052475
0377062475
0377072475
0377082475
0377092475
0377102475
0377112475
0377122475
0377132475
0377142475
0377152475
0377162475
0377172475
0377182475
0377192475
0377202475
0377212475
0377222475
0377232475
0377242475
0377252475
0377262475
0377272475
0377282475
0377292475
0377302475
0377312475
0377322475
0377332475
0377342475
0377352475
0377362475
0377372475
0377382475
0377392475
0377402475
0377412475
0377422475
0377432475
0377442475
0377452475
0377462475
0377472475
0377482475
0377492475
0377502475
0377512475
0377522475
0377532475
0377542475
0377552475
0377562475
0377572475
0377582475
0377592475
0377602475
0377612475
0377622475
0377632475
0377642475
0377652475
0377662475
0377672475
0377682475
0377692475
0377702475
0377712475
0377722475
0377732475
0377742475
0377752475
0377762475
0377772475
0377782475
0377792475
0377802475
0377812475
0377822475
0377832475
0377842475
0377852475
0377862475
0377872475
0377882475
0377892475
0377902475
0377912475
0377922475
0377932475
0377942475
0377952475
0377962475
0377972475
0377982475
0377992475
0378002475
0378012475
0378022475
0378032475
0378042475
0378052475
0378062475
0378072475
0378082475
0378092475
0378102475
0378112475
0378122475
0378132475
0378142475
0378152475
0378162475
0378172475
0378182475
0378192475
0378202475
0378212475
0378222475
0378232475
0378242475
0378252475
0378262475
0378272475
0378282475
0378292475
0378302475
0378312475
0378322475
0378332475
0378342475
0378352475
0378362475
0378372475
0378382475
0378392475
0378402475
0378412475
0378422475
0378432475
0378442475
0378452475
0378462475
0378472475
0378482475
0378492475
0378502475
0378512475
0378522475
0378532475
0378542475
0378552475
0378562475
0378572475
0378582475
0378592475
0378602475
0378612475
0378622475
0378632475
0378642475
0378652475
0378662475
0378672475
0378682475
0378692475
0378702475
0378712475
0378722475
0378732475
0378742475
0378752475
0378762475
0378772475
0378782475
0378792475
0378802475
0378812475
0378822475
0378832475
0378842475
0378852475
0378862475
0378872475
0378882475
0378892475
0378902475
0378912475
0378922475
0378932475
0378942475
0378952475
0378962475
0378972475
0378982475
0378992475
0379002475
0379012475
0379022475
0379032475
0379042475
0379052475
0379062475
0379072475
0379082475
0379092475
0379102475
0379112475
0379122475
0379132475
0379142475
0379152475
0379162475
0379172475
0379182475
0379192475
0379202475
0379212475
0379222475
0379232475
0379242475
0379252475
0379262475
0379272475
0379282475
0379292475
0379302475
0379312475
0379322475
0379332475
0379342475
0379352475
0379362475
0379372475
0379382475
0379392475
0379402475
0379412475
0379422475
0379432475
0379442475
0379452475
0379462475
0379472475
0379482475
0379492475
0379502475
0379512475
0379522475
0379532475
0379542475
0379552475
0379562475
0379572475
0379582475
0379592475
0379602475
0379612475
0379622475
0379632475
0379642475
0379652475
0379662475
0379672475
0379682475
0379692475
0379702475
0379712475
0379722475
0379732475
0379742475
0379752475
0379762475
0379772475
0379782475
0379792475
0379802475
0379812475
0379822475
0379832475
0379842475
0379852475
0379862475
0379872475
0379882475
0379892475
0379902475
0379912475
0379922475
0379932475
0379942475
0379952475
0379962475
0379972475
0379982475
0379992475
