0396272475
0396282475
0396292475
0396302475
0396312475
0396322475
0396332475
0396342475
0396352475
0396362475
0396372475
0396382475
0396392475
0396402475
0396412475
0396422475
0396432475
0396442475
0396452475
0396462475
0396472475
0396482475
0396492475
0396502475
0396512475
0396522475
0396532475
0396542475
0396552475
0396562475
0396572475
0396582475
0396592475
0396602475
0396612475
0396622475
0396632475
0396642475
0396652475
0396662475
0396672475
0396682475
0396692475
0396702475
0396712475
0396722475
0396732475
0396742475
0396752475
0396762475
0396772475
0396782475
0396792475
0396802475
0396812475
0396822475
0396832475
0396842475
0396852475
0396862475
0396872475
0396882475
0396892475
0396902475
0396912475
0396922475
0396932475
0396942475
0396952475
0396962475
0396972475
0396982475
0396992475
0397002475
0397012475
0397022475
0397032475
0397042475
0397052475
0397062475
0397072475
0397082475
0397092475
0397102475
0397112475
0397122475
0397132475
0397142475
0397152475
0397162475
0397172475
0397182475
0397192475
0397202475
0397212475
0397222475
0397232475
0397242475
0397252475
0397262475
0397272475
0397282475
0397292475
0397302475
0397312475
0397322475
0397332475
0397342475
0397352475
0397362475
0397372475
0397382475
0397392475
0397402475
0397412475
0397422475
0397432475
0397442475
0397452475
0397462475
0397472475
0397482475
0397492475
0397502475
0397512475
0397522475
0397532475
0397542475
0397552475
0397562475
0397572475
0397582475
0397592475
0397602475
0397612475
0397622475
0397632475
0397642475
0397652475
0397662475
0397672475
0397682475
0397692475
0397702475
0397712475
0397722475
0397732475
0397742475
0397752475
0397762475
0397772475
0397782475
0397792475
0397802475
0397812475
0397822475
0397832475
0397842475
0397852475
0397862475
0397872475
0397882475
0397892475
0397902475
0397912475
0397922475
0397932475
0397942475
0397952475
0397962475
0397972475
0397982475
0397992475
0398002475
0398012475
0398022475
0398032475
0398042475
0398052475
0398062475
0398072475
0398082475
0398092475
0398102475
0398112475
0398122475
0398132475
0398142475
0398152475
0398162475
0398172475
0398182475
0398192475
0398202475
0398212475
0398222475
0398232475
0398242475
0398252475
0398262475
0398272475
0398282475
0398292475
0398302475
0398312475
0398322475
0398332475
0398342475
0398352475
0398362475
0398372475
0398382475
0398392475
0398402475
0398412475
0398422475
0398432475
0398442475
0398452475
0398462475
0398472475
0398482475
0398492475
0398502475
0398512475
0398522475
0398532475
0398542475
0398552475
0398562475
0398572475
0398582475
0398592475
0398602475
0398612475
0398622475
0398632475
0398642475
0398652475
0398662475
0398672475
0398682475
0398692475
0398702475
0398712475
0398722475
0398732475
0398742475
0398752475
0398762475
0398772475
0398782475
0398792475
0398802475
0398812475
0398822475
0398832475
0398842475
0398852475
0398862475
0398872475
0398882475
0398892475
0398902475
0398912475
0398922475
0398932475
0398942475
0398952475
0398962475
0398972475
0398982475
0398992475
0399002475
0399012475
0399022475
0399032475
0399042475
0399052475
0399062475
0399072475
0399082475
0399092475
0399102475
0399112475
0399122475
0399132475
0399142475
0399152475
0399162475
0399172475
0399182475
0399192475
0399202475
0399212475
0399222475
0399232475
0399242475
0399252475
0399262475
0399272475
0399282475
0399292475
0399302475
0399312475
0399322475
0399332475
0399342475
0399352475
0399362475
0399372475
0399382475
0399392475
0399402475
0399412475
0399422475
0399432475
0399442475
0399452475
0399462475
0399472475
0399482475
0399492475
0399502475
0399512475
0399522475
0399532475
0399542475
0399552475
0399562475
0399572475
0399582475
0399592475
0399602475
0399612475
0399622475
0399632475
0399642475
0399652475
0399662475
0399672475
0399682475
0399692475
0399702475
0399712475
0399722475
0399732475
0399742475
0399752475
0399762475
0399772475
0399782475
0399792475
0399802475
0399812475
0399822475
0399832475
0399842475
0399852475
0399862475
0399872475
0399882475
0399892475
0399902475
0399912475
0399922475
0399932475
0399942475
0399952475
0399962475
0399972475
0399982475
0399992475
